100 444 44530300 444 44554900 444 44566800 444 44578500 444 44589700 444 44601600 444 44612400 444 44623900 444 44635600 444 44647100 444 44682500 444 44698200 444 44710300 444 44721700 444 44731800 444 44741000 444 44750200 444 44759200 444 44768300 444 44777400 444 44797100 444 44806600 444 44816700 444 44825800 444 44834900 444 44844000 444 44854900 444 44863900 444 44879100 444 44888100 444 44897000 444 44906000 444 44914800 444 44923700 444 44932600 444 44941500 444 44957900 444 44967300 444 44976600 444 44987200 
200 1106 2280100 1106 2345800 1106 2356700 1106 2367800 1106 2411100 1106 2423500 1106 2433100 1106 2444900 1106 2463800 1106 2473500 1106 2482500 1106 2530600 1106 2550900 1106 2589400 1106 2601500 1106 2612400 1106 2622000 1106 2632100 1106 2641700 1106 2651800 1106 2661500 1106 2670700 1106 2680600 1106 2690800 1106 2700400 1106 2710600 1106 2749000 1106 2759900 1106 2769500 1106 2779800 1106 2789100 1106 2806900 1106 2817200 1106 2825900 1106 2837000 1106 2846100 1106 2855400 1106 2864900 1106 2873900 1106 2883000 
300 1732 1363600 1732 1379200 1732 1386400 1732 1393500 1732 1470200 1732 1480600 1732 1488200 1732 1495500 1732 1502500 1732 1509700 1732 1521000 1732 1528000 1732 1534900 1732 1541800 1732 1548600 1732 1555600 1732 1562500 1732 1569300 1732 1576200 1732 1583000 1732 1589800 1732 1596600 1732 1603400 1732 1610100 1732 1616900 1732 1623800 1732 1630600 1732 1637400 1732 1644300 1732 1651100 1732 1658900 1732 1665900 1732 1672700 1732 1679600 1732 1686400 1732 1694400 1732 1700800 1732 1707200 1732 1713600 1732 1720100 
400 2251 1399600 2251 1420700 2251 1431000 2251 1438300 2251 1466200 2251 1474900 2251 1481200 2251 1488400 2251 1495100 2251 1501800 2251 1508100 2251 1514600 2251 1522300 2251 1529800 2251 1536900 2251 1543700 2251 1551300 2251 1558800 2251 1565800 2251 1573800 2251 1581100 2251 1589300 2251 1597100 2251 1604400 2251 1612000 2251 1619100 2251 1626200 2251 1635000 2251 1642500 2251 1648900 2251 1655200 2251 1662200 2251 1669000 2251 1675700 2251 1682100 2251 1688300 2251 1694600 2251 1705200 2251 1712300 2251 1723600 
500 2282 2170800 2282 2192800 2282 2199900 2282 2207200 2282 2214100 2282 2233300 2282 2240300 2282 2246700 2282 2253100 2282 2260300 2282 2266900 2282 2273200 2282 2279400 2282 2285500 2282 2300500 2282 2307000 2282 2313100 2282 2319200 2282 2325500 2282 2331700 2282 2337800 2282 2344000 2282 2350300 2282 2358700 2282 2372200 2282 2378700 2282 2385100 2282 2396400 2282 2402800 2282 2409200 2282 2415400 2282 2421800 2282 2428100 2282 2434400 2282 2440700 2282 2446800 2282 2453000 2282 2459300 2282 2465800 2282 2472100 
600 3994 1589500 3994 1601800 3994 1605100 3994 1608300 3994 1611400 3994 1614500 3994 1617600 3994 1620600 3994 1623700 3994 1626700 3994 1629700 3994 1634300 3994 1637400 3994 1640300 3994 1643300 3994 1646200 3994 1649200 3994 1652100 3994 1655100 3994 1658100 3994 1661000 3994 1664100 3994 1667000 3994 1670000 3994 1673000 3994 1675900 3994 1678900 3994 1681900 3994 1684900 3994 1687900 3994 1691000 3994 1694000 3994 1696900 3994 1699900 3994 1702900 3994 1705900 3994 1708900 3994 1711800 3994 1714800 3994 1717700 
700 4140 1784000 4140 1800800 4140 1804800 4140 1808900 4140 1812500 4140 1815700 4140 1819200 4140 1823100 4140 1831700 4140 1835300 4140 1838700 4140 1841900 4140 1845500 4140 1849300 4140 1852700 4140 1856200 4140 1859500 4140 1863100 4140 1867800 4140 1871300 4140 1874800 4140 1878200 4140 1881800 4140 1885100 4140 1890000 4140 1893800 4140 1897400 4140 1901000 4140 1905600 4140 1909400 4140 1913100 4140 1916900 4140 1920400 4140 1923900 4140 1927300 4140 1930800 4140 1934200 4140 1937700 4140 1941200 4140 1945000 
800 4026 1114700 4026 1129200 4026 1132100 4026 1134900 4026 1137600 4026 1139800 4026 1142000 4026 1144200 4026 1146300 4026 1148500 4026 1150600 4026 1152700 4026 1154800 4026 1157000 4026 1159200 4026 1161300 4026 1163400 4026 1165600 4026 1167800 4026 1169900 4026 1172000 4026 1174100 4026 1176200 4026 1178300 4026 1180400 4026 1182600 4026 1184700 4026 1186800 4026 1188900 4026 1191000 4026 1193200 4026 1195300 4026 1197400 4026 1199500 4026 1201600 4026 1203700 4026 1205800 4026 1214500 4026 1216800 4026 1218900 
900 6177 1342600 6177 1351000 6177 1352000 6177 1353000 6177 1353800 6177 1354700 6177 1355600 6177 1356400 6177 1357300 6177 1358200 6177 1359000 6177 1359800 6177 1360700 6177 1361500 6177 1362400 6177 1363200 6177 1364100 6177 1364900 6177 1367800 6177 1368700 6177 1369600 6177 1370400 6177 1371300 6177 1372200 6177 1373100 6177 1373900 6177 1374900 6177 1375700 6177 1376600 6177 1377400 6177 1378300 6177 1379100 6177 1380000 6177 1380800 6177 1381700 6177 1382500 6177 1383400 6177 1384200 6177 1385100 6177 1385900 
1000 6767 996600 6767 1002200 6767 1003200 6767 1004100 6767 1005000 6767 1005900 6767 1006800 6767 1007600 6767 1008600 6767 1009400 6767 1010300 6767 1011200 6767 1012000 6767 1012900 6767 1013800 6767 1014600 6767 1015500 6767 1016300 6767 1017200 6767 1018000 6767 1018900 6767 1019700 6767 1020600 6767 1021500 6767 1022300 6767 1023200 6767 1024000 6767 1024900 6767 1025700 6767 1026600 6767 1027500 6767 1028300 6767 1029200 6767 1031800 6767 1032700 6767 1033600 6767 1034500 6767 1035300 6767 1036200 6767 1037000 
1100 7593 1250100 7593 1259200 7593 1260400 7593 1261500 7593 1262600 7593 1263700 7593 1264800 7593 1265900 7593 1266900 7593 1268000 7593 1269100 7593 1270100 7593 1271200 7593 1272200 7593 1273300 7593 1274300 7593 1275400 7593 1276400 7593 1277400 7593 1282400 7593 1283500 7593 1284500 7593 1285700 7593 1286700 7593 1287800 7593 1288800 7593 1289900 7593 1290900 7593 1291900 7593 1293100 7593 1294200 7593 1295200 7593 1296300 7593 1297300 7593 1298400 7593 1299400 7593 1300500 7593 1301500 7593 1302600 7593 1303600 
1200 7434 1020000 7434 1027600 7434 1028700 7434 1029600 7434 1030500 7434 1031400 7434 1032300 7434 1033200 7434 1034100 7434 1035000 7434 1035800 7434 1036700 7434 1037500 7434 1038400 7434 1039200 7434 1040100 7434 1040900 7434 1041800 7434 1042600 7434 1043500 7434 1044300 7434 1045200 7434 1046000 7434 1046900 7434 1047700 7434 1048500 7434 1049400 7434 1050200 7434 1051100 7434 1051900 7434 1052800 7434 1053600 7434 1054500 7434 1055300 7434 1056200 7434 1057000 7434 1057800 7434 1058700 7434 1059500 7434 1060400 
