100 342 31778200 342 31800000 342 31808000 342 31815600 342 31823200 342 31831200 342 31838700 342 31846200 342 31853700 342 31861100 342 31886900 342 31896700 342 31904300 342 31911900 342 31919500 342 32033800 342 32046800 342 32054900 342 32062400 342 32069900 342 32077400 342 32087000 342 32095300 342 32102900 342 32110400 342 32117900 342 32125300 342 32133000 342 32140500 342 32149400 342 32158600 342 32168500 342 32177100 342 32184800 342 32192200 342 32199700 342 32216300 342 32224300 342 32231800 342 32239300 
200 833 1419000 833 1468300 833 1479600 833 1490200 833 1532000 833 1542500 833 1551900 833 1565300 833 1586100 833 1599000 833 1610200 833 1621200 833 1631100 833 1641800 833 1652300 833 1662400 833 1673100 833 1683000 833 1693000 833 1702700 833 1712700 833 1723000 833 1732800 833 1743500 833 1769300 833 1780600 833 1808400 833 1819000 833 1828800 833 1839900 833 1850200 833 1860400 833 1870500 833 1880900 833 1891300 833 1900300 833 1908100 833 1916200 833 1924300 833 1933400 
300 1508 1193900 1508 1207400 1508 1213600 1508 1219500 1508 1280500 1508 1287300 1508 1293100 1508 1298800 1508 1306700 1508 1312300 1508 1317900 1508 1323900 1508 1329800 1508 1335600 1508 1341300 1508 1347100 1508 1352800 1508 1358500 1508 1364200 1508 1369900 1508 1375600 1508 1381300 1508 1387000 1508 1392700 1508 1398400 1508 1404100 1508 1409800 1508 1415500 1508 1421200 1508 1427000 1508 1432800 1508 1445100 1508 1451300 1508 1457200 1508 1463000 1508 1470000 1508 1475800 1508 1481600 1508 1487400 1508 1493200 
400 1928 1428300 1928 1443100 1928 1448400 1928 1453500 1928 1479100 1928 1486200 1928 1492900 1928 1499400 1928 1505900 1928 1512600 1928 1522000 1928 1528400 1928 1538900 1928 1545400 1928 1551600 1928 1559100 1928 1565600 1928 1572000 1928 1579300 1928 1586500 1928 1593600 1928 1600900 1928 1608100 1928 1615300 1928 1621900 1928 1628300 1928 1634600 1928 1641000 1928 1647300 1928 1653800 1928 1660700 1928 1667500 1928 1674100 1928 1680500 1928 1686800 1928 1693200 1928 1700000 1928 1707000 1928 1713600 1928 1720000 
500 2356 1268900 2356 1281400 2356 1286000 2356 1290500 2356 1294900 2356 1380400 2356 1387600 2356 1391800 2356 1395700 2356 1399600 2356 1403600 2356 1407500 2356 1411400 2356 1415300 2356 1424000 2356 1428000 2356 1433400 2356 1437300 2356 1441200 2356 1445100 2356 1449000 2356 1452900 2356 1456700 2356 1461800 2356 1470400 2356 1474300 2356 1478200 2356 1482000 2356 1485800 2356 1489600 2356 1493500 2356 1497400 2356 1501300 2356 1505200 2356 1509200 2356 1513100 2356 1516900 2356 1520800 2356 1524700 2356 1528500 
600 3562 1334000 3562 1344000 3562 1346900 3562 1349600 3562 1352300 3562 1355000 3562 1357600 3562 1360200 3562 1362900 3562 1365500 3562 1368100 3562 1370700 3562 1373200 3562 1375800 3562 1378400 3562 1380900 3562 1383500 3562 1386100 3562 1388700 3562 1391200 3562 1393800 3562 1396400 3562 1399000 3562 1401600 3562 1404200 3562 1406700 3562 1409300 3562 1412000 3562 1414600 3562 1417100 3562 1419700 3562 1422300 3562 1424900 3562 1427500 3562 1430100 3562 1432700 3562 1435200 3562 1437800 3562 1440400 3562 1443000 
700 3678 1827900 3678 1842700 3678 1847600 3678 1852100 3678 1856400 3678 1860700 3678 1864800 3678 1869300 3678 1873800 3678 1877800 3678 1881700 3678 1885600 3678 1915400 3678 1938600 3678 1944000 3678 1949200 3678 1953700 3678 1958800 3678 1963100 3678 1967200 3678 1971400 3678 1975400 3678 1979400 3678 1983300 3678 1987200 3678 1991800 3678 1995800 3678 2000400 3678 2004800 3678 2008800 3678 2012800 3678 2017000 3678 2021000 3678 2025000 3678 2028900 3678 2032900 3678 2036900 3678 2040900 3678 2045400 3678 2049400 
800 4478 1107100 4478 1119300 4478 1121600 4478 1123500 4478 1125400 4478 1127200 4478 1129100 4478 1130900 4478 1132700 4478 1134400 4478 1136300 4478 1138000 4478 1139800 4478 1141600 4478 1143300 4478 1145100 4478 1146900 4478 1148700 4478 1150500 4478 1152300 4478 1154000 4478 1155800 4478 1157600 4478 1159400 4478 1161100 4478 1162900 4478 1164600 4478 1166400 4478 1173900 4478 1176100 4478 1178000 4478 1179800 4478 1181600 4478 1183500 4478 1185300 4478 1187100 4478 1189000 4478 1190800 4478 1192600 4478 1194400 
900 4929 953200 4929 958000 4929 958800 4929 959500 4929 960200 4929 960900 4929 961600 4929 962300 4929 962900 4929 963600 4929 964300 4929 964900 4929 965600 4929 968200 4929 968900 4929 969600 4929 970300 4929 971000 4929 971600 4929 972300 4929 973000 4929 973700 4929 974300 4929 975000 4929 975700 4929 976400 4929 977000 4929 977700 4929 978400 4929 979000 4929 979700 4929 980400 4929 981000 4929 981700 4929 982400 4929 983000 4929 983700 4929 984400 4929 985100 4929 985700 
1000 5644 1054000 5644 1060700 5644 1061600 5644 1062300 5644 1063100 5644 1063800 5644 1064500 5644 1065300 5644 1066000 5644 1066700 5644 1067400 5644 1068100 5644 1068800 5644 1069500 5644 1070200 5644 1070900 5644 1071600 5644 1072300 5644 1073100 5644 1073800 5644 1074500 5644 1075200 5644 1075900 5644 1076600 5644 1077300 5644 1078000 5644 1078700 5644 1079400 5644 1080100 5644 1080800 5644 1081500 5644 1082200 5644 1083000 5644 1085600 5644 1086400 5644 1087200 5644 1087900 5644 1088700 5644 1089400 5644 1090100 
1100 6772 868000 6772 871800 6772 872600 6772 873300 6772 874000 6772 874800 6772 875500 6772 876200 6772 877000 6772 877700 6772 879900 6772 880700 6772 881400 6772 882100 6772 882900 6772 883600 6772 884300 6772 885000 6772 885700 6772 886400 6772 887100 6772 887800 6772 888500 6772 889300 6772 890000 6772 890700 6772 891400 6772 892100 6772 892800 6772 893500 6772 894200 6772 894900 6772 895600 6772 896300 6772 897000 6772 897700 6772 898400 6772 899200 6772 899900 6772 900600 
1200 8243 1351300 8243 1357700 8243 1358600 8243 1359300 8243 1360000 8243 1360700 8243 1361500 8243 1362200 8243 1362900 8243 1363600 8243 1364300 8243 1365100 8243 1365800 8243 1366500 8243 1367200 8243 1367900 8243 1368600 8243 1369400 8243 1370100 8243 1370800 8243 1371500 8243 1372200 8243 1372900 8243 1373600 8243 1374300 8243 1375100 8243 1375800 8243 1376500 8243 1377200 8243 1377900 8243 1378600 8243 1379300 8243 1380000 8243 1380700 8243 1381400 8243 1382100 8243 1382800 8243 1383500 8243 1384300 8243 1385000 
